119
120
185
186
187
91
91
92
92
93
93
94
94
95
95
96
96
97
97
98
98
99
99
100
100
101
101
102
102
103
103
104
104
91
92
93
94
95
96
97
98
99
100
101
102
103
104
91
92
93
94
95
96
97
98
99
100
101
102
103
104
105
106
107
109
110
111
112
113
114
115
116
117
118
99
100
101
102
103
104
105
106
107
109
110
111
112
113
114
115
116
117
118
99
100
101
102
103
104
105
106
107
109
110
111
112
113
114
115
116
117
118
99
100
101
102
103
104
190
196
191
197
193
199
123
126
105
91
105
91
91
124
127
105
194
200
29
125
128
41
195
201
28
40
188
189
99
43
109
45
111
47
113
49
115
51
117
53
119
120
185
186
187
91
91
92
92
93
94
93
94
95
96
97
98
99
100
101
102
103
104
95
96
97
98
99
100
101
102
103
104
91
92
93
94
95
96
97
98
99
105
106
107
109
110
111
112
113
114
115
116
117
118
99
100
101
102
103
104
100
101
102
103
104
43
45
47
49
117
53
33
35
97
39
218
227
151
163
220
229
153
165
221
230
223
232
106
154
166
156
168
44
110
32
92
157
169
46
112
34
94
158
170
96
159
171
48
114
116
38
98
160
172
52
118
224
233
225
234
99
43
109
45
111
47
113
49
115
51
117
53
226
235
99
161
173
99
31
91
33
93
35
95
37
97
39
162
174
32
32
44
44
34
34
46
46
48
48
36
50
52
52
38
38
119
120
185
186
187
91
92
93
94
95
96
97
98
99
100
101
102
103
104
190
196
191
197
192
198
185
186
187
129
134
130
135
132
137
99
31
91
33
93
35
95
37
97
39
133
138
32
119
120
91
92
93
94
95
96
97
98
99
100
101
102
103
104
105
106
107
109
110
111
112
91
92
93
94
95
96
113
114
97
98
99
100
101
102
103
104
115
116
117
118
99
100
101
102
103
104
105
106
107
109
110
111
112
113
114
115
116
117
118
99
100
101
102
103
104
91
33
93
35
97
39
139
145
141
147
32
92
34
94
96
38
98
142
148
143
149
99
31
91
33
93
35
95
37
97
39
144
150
99
32
32
34
34
36
38
38
119
120
202
210
203
211
205
213
129
134
130
135
131
136
119
120
91
92
93
94
95
96
97
98
99
100
101
102
103
104
91
92
93
94
95
96
97
98
99
100
101
102
103
104
91
92
93
94
95
96
97
98
99
100
101
102
103
104
123
126
91
91
91
124
127
29
125
128
28
121
122
99
31
91
33
93
35
95
37
97
39
121
122
99
31
91
33
93
35
95
37
97
39
121
122
99
31
91
33
93
35
95
37
97
39
119
120
91
92
93
94
95
96
97
98
99
100
101
102
103
104
91
92
93
94
95
96
97
98
99
100
101
102
103
104
100
175
180
176
181
178
183
179
184
105
99
206
214
208
216
99
43
109
45
111
47
113
49
115
51
117
53
209
217
46
